3.776673196150195145e+04
3.623901785499975813e+04
3.457774611349843326e+04
3.347546414887912397e+04
3.269462147331065353e+04
3.205215568892376905e+04
3.173398927616174842e+04
3.153936311931028467e+04
3.133732194219359008e+04
3.119342054371827180e+04
3.111075986868195105e+04
3.100011738869027977e+04
3.080484815606644042e+04
3.069988427624926771e+04
3.062042582700085404e+04
3.050229307836602311e+04
3.042231232187512796e+04
3.032288595258217174e+04
3.025312310178722328e+04
3.019502829470816505e+04
3.018620832059563691e+04
3.013929491682227308e+04
3.010497275076539518e+04
3.001294321327986472e+04
2.997114560094344051e+04
2.989203794288085192e+04
2.985426100115035297e+04
2.982194518728087860e+04
2.980139962942587954e+04
2.974130992128116122e+04
2.970358226487474531e+04
2.969239918361461241e+04
2.968849235600527390e+04
2.968297357671879945e+04
2.968600571181937994e+04
2.968616496289814677e+04
2.965207049320812439e+04
2.963645866674822901e+04
2.961344455757422111e+04
2.959714284253066944e+04
2.959014485078309008e+04
2.956904610554951796e+04
2.956805939987523743e+04
2.953365940571918691e+04
2.950760016114506288e+04
2.949130528535123813e+04
2.946197884582011466e+04
2.943319481066539083e+04
2.942642789298854404e+04
2.939574584793666509e+04
2.939208552002070064e+04
2.936075369080667224e+04
2.933989275451456342e+04
2.936148745462077932e+04
2.935927644635526303e+04
2.935393274729786572e+04
2.936024529500463541e+04
2.935057948909382321e+04
2.934254619475310392e+04
2.935277218137927412e+04
2.935948293870185080e+04
2.934783395336235480e+04
2.934451752993509217e+04
2.935232996740052840e+04
2.934347664101986811e+04
2.933562140949472450e+04
2.932969571474890836e+04
2.932384133898499931e+04
2.932455014686758659e+04
2.930702181747719806e+04
2.930572335372233283e+04
2.930789811930628639e+04
2.929290931878725314e+04
2.929397988215010992e+04
2.927837892384557927e+04
2.926959688626624120e+04
2.926805339447727602e+04
2.925003123047767076e+04
2.924840839052652518e+04
2.923690593487496517e+04
2.922974540363886263e+04
2.923239193372199588e+04
2.922804937190557757e+04
2.922587637516479663e+04
2.922828375451690226e+04
2.923076736962751966e+04
2.922112084234250142e+04
2.921215085193674167e+04
2.920551136492756268e+04
2.919384120244430596e+04
2.917724975577199803e+04
2.917117611245311855e+04
2.915716053588108844e+04
2.915852819701635235e+04
2.916345230062357587e+04
2.915741840533113646e+04
2.915306926223731352e+04
2.914342793592788439e+04
2.914178193174142143e+04
2.914641140201465169e+04
2.913416168662956989e+04
2.914092494856936537e+04
2.913983894554166909e+04
2.913412055799380323e+04
2.913632439616590636e+04
2.913099335074019837e+04
2.912724107639914291e+04
2.912598123238678818e+04
2.912591127108834553e+04
2.912384312590702757e+04
2.912465466898995146e+04
2.912158242052762944e+04
2.910232693681216188e+04
2.909215528834757788e+04
2.908566388918314988e+04
2.908678540719881494e+04
2.907868555645933156e+04
2.907407643890420877e+04
2.906557457537269511e+04
2.906606190099166270e+04
2.907681551955305986e+04
2.907013071303968900e+04
2.906821348669660438e+04
2.907014130526101872e+04
2.906331589581373555e+04
2.905655021764151388e+04
2.904394349514344503e+04
2.904333189043225138e+04
2.904041145727695766e+04
2.904330425870739782e+04
2.904540311975658551e+04
2.903257732416282670e+04
2.902285604012114345e+04
2.901701624313654611e+04
2.901420483491324194e+04
