3.483909055866365634e+03
2.077526692357247157e+03
1.496426970998816842e+03
1.184704037585020615e+03
9.888271876185237943e+02
8.529471870780959080e+02
7.534845070607752859e+02
6.776241291779930407e+02
6.164664908690214133e+02
5.665038793794371941e+02
5.241110179024263971e+02
4.884136564447646833e+02
4.574115255446671995e+02
4.312799372834628002e+02
4.075430197015245994e+02
3.864885732618843690e+02
3.677096672838693507e+02
3.507971709020834510e+02
3.355994612430570783e+02
3.220819517374620204e+02
3.096837755759087827e+02
2.976557338952994201e+02
2.869791124659419097e+02
2.772101253275201316e+02
2.679017660112571093e+02
2.594281326430614740e+02
2.513418724406094498e+02
2.439055883382490606e+02
2.370262742992999563e+02
2.303295185059714072e+02
2.241473742554062483e+02
2.183444264021815684e+02
2.127800578709532999e+02
2.075740979086367588e+02
2.025642863029924001e+02
1.978515272932658036e+02
1.933580227639021700e+02
1.890196176109145654e+02
1.849977111071224840e+02
1.811721345716686642e+02
1.774343381760123179e+02
1.739353773818871218e+02
1.705705499648085492e+02
1.673106889844025602e+02
1.641872279243925448e+02
1.613043534844565841e+02
1.583569567685157438e+02
1.555672297693211874e+02
1.528947432472059518e+02
1.503230173899813735e+02
1.478623954018726465e+02
1.455358943957649558e+02
1.432104758860629659e+02
1.410125040908190499e+02
1.388925616331919457e+02
1.368063667040011069e+02
1.347925424957013831e+02
1.328313868063519010e+02
1.309328394190158349e+02
1.291722741267163599e+02
1.273852291928823632e+02
1.256686909010655171e+02
1.239943406595866691e+02
1.223831766414339057e+02
1.210829461992299230e+02
1.195529321900705497e+02
1.181287956685004445e+02
1.166477329295355787e+02
1.152172447451932413e+02
1.138893891602202757e+02
1.125374811020421220e+02
1.112705601972996305e+02
1.100229386278636525e+02
1.088042330919613221e+02
1.076134998299932306e+02
1.064330236009388955e+02
1.053121012769333191e+02
1.042159093651130632e+02
1.031323731780911004e+02
1.020602346532877078e+02
1.010245882500919663e+02
1.000045980082571191e+02
9.900322106926658705e+01
9.804971166454483011e+01
9.713052857182206878e+01
9.618546384324442045e+01
9.535927346804670890e+01
9.444751740554021069e+01
9.356485225982811471e+01
9.273205353650563154e+01
9.189447362000076680e+01
9.105920389467604537e+01
9.023964190326124424e+01
8.945580793943440767e+01
8.869199250632922826e+01
8.795617486374817418e+01
8.720048073129173360e+01
8.646238944281016359e+01
8.573930000831450116e+01
8.505702407204056215e+01
8.437450822383277682e+01
8.368483638159504778e+01
8.302128367436792189e+01
8.238003475688555000e+01
8.176881816690874416e+01
8.114234119223306152e+01
8.051172541057441379e+01
7.990392486840913477e+01
7.929292290304834978e+01
7.872298344086304667e+01
7.814119745557064789e+01
7.756306164831558192e+01
7.700454984382501777e+01
7.644459924986544763e+01
7.591290930044574736e+01
7.537012548368757336e+01
7.484392998860175794e+01
7.432165101270385321e+01
7.381147068017237700e+01
7.331312299909393460e+01
7.283903241809419171e+01
7.236431088452820859e+01
7.188641833887875521e+01
7.141078228902652825e+01
7.094278904164555399e+01
7.048633092965141600e+01
7.004910930487793053e+01
6.960927784098042537e+01
6.916557951109687963e+01
6.873421128373976785e+01
6.830730641034675443e+01
6.790808675195323474e+01
6.748381035531332373e+01
6.707615714607575796e+01
6.667855477520963348e+01
