4.836582544294906256e+04
4.796131390652315895e+04
4.619005633174182003e+04
4.471708202163244277e+04
4.362940133144169522e+04
4.240322728556673246e+04
4.197547778082295554e+04
4.184626380879926000e+04
4.154712347527748352e+04
4.141078394116892014e+04
4.121550830049339856e+04
4.125198702212815260e+04
4.107032818107150524e+04
4.079702242929085332e+04
4.055582506502993783e+04
4.032204718516853609e+04
4.029934261922043515e+04
4.007676471309091721e+04
3.995557915873447200e+04
3.997097283592952590e+04
3.986890401801028929e+04
3.973266092572559137e+04
3.970180111317316187e+04
3.959836939543516201e+04
3.947117979504240066e+04
3.927393054381164984e+04
3.931864239167058986e+04
3.937254474878986366e+04
3.929595280671091314e+04
3.920500319438033330e+04
3.920601278392414679e+04
3.918838094062714663e+04
3.914321921972473501e+04
3.914076820948693785e+04
3.908471583141993324e+04
3.914019924715849629e+04
3.912935894881037530e+04
3.913076750205481949e+04
3.912580834095007594e+04
3.915105077895761497e+04
3.914524704504107649e+04
3.914629412791229697e+04
3.913976262749420130e+04
3.910046241453263065e+04
3.901537185045382648e+04
3.898925594646940590e+04
3.892725672659152769e+04
3.886045356267848547e+04
3.883925042753019807e+04
3.875360079713254527e+04
3.870500438212143490e+04
3.865945987273754872e+04
3.871179373941027734e+04
3.876508879773176159e+04
3.874843779110298055e+04
3.873923060617352894e+04
3.871321030774989049e+04
3.871312978491374815e+04
3.864729777214970090e+04
3.862649740764941089e+04
3.863562436352310033e+04
3.861275628792068164e+04
3.852322493961838336e+04
3.854213216588632349e+04
3.855757765920999373e+04
3.853118833697881200e+04
3.856114195143365214e+04
3.851848697975740652e+04
3.849502646449054737e+04
3.845652016675996128e+04
3.846969645695924555e+04
3.846317964574728830e+04
3.842547278276233556e+04
3.843877744884315325e+04
3.842489560779149906e+04
3.838791060413730156e+04
3.839141920037796808e+04
3.836893432290697092e+04
3.839874896272127080e+04
3.840571049924765975e+04
3.840730776835753932e+04
3.837058137639302731e+04
3.833509917731489259e+04
3.832846781280446157e+04
3.831260106045482826e+04
3.835190449103064748e+04
3.834169215179505409e+04
3.831156686811949476e+04
3.825502632074418943e+04
3.823862185879936442e+04
3.821098467903284472e+04
3.819321066750890895e+04
3.818691271429001063e+04
3.817569044167131506e+04
3.819159801506504300e+04
3.817726389051701699e+04
3.817629761897431308e+04
3.817037330924458365e+04
3.815063261363056517e+04
3.816709567946614698e+04
3.814761830288693454e+04
3.813166408477623190e+04
3.814425973424124095e+04
3.816312597497909155e+04
3.817211703484430473e+04
3.813885793480287975e+04
3.811033643537294847e+04
3.812085000792098435e+04
3.813932108921102190e+04
3.812791629675595323e+04
3.812421157238076557e+04
3.810830492641023011e+04
3.807484084971735138e+04
3.806689712794060324e+04
3.804254398897340434e+04
3.804948892047046684e+04
3.804120762316085165e+04
3.802538036572942656e+04
3.804352761440929316e+04
3.805454619228705269e+04
3.805033330329621822e+04
3.804240667245404620e+04
3.803801881378328835e+04
3.805627823317828734e+04
3.804167819989551208e+04
3.804176526079324685e+04
3.801105416434804647e+04
3.801158172732916137e+04
3.801106369360693498e+04
3.799773416746049770e+04
3.799116478613146319e+04
3.799562147212995478e+04
3.798746199614090438e+04
3.799021877883734123e+04
3.797441307760227210e+04
