9.723449975659350457e+03
7.854557409974045186e+03
7.282271772027234874e+03
6.874196802391896199e+03
6.386453668976989320e+03
6.171203646518411006e+03
6.158078793645850965e+03
5.985973899430342499e+03
5.852076844730296216e+03
5.872587883204788341e+03
5.829765565608086035e+03
5.790210471512059485e+03
5.761481805844057817e+03
5.628880710667349376e+03
5.558819961604578566e+03
5.499607079151903235e+03
5.420608238609961518e+03
5.325608244779691631e+03
5.278080269811544895e+03
5.227851194476967066e+03
5.221252776817302220e+03
5.212002258080029605e+03
5.175438956410051105e+03
5.124688332753343275e+03
5.142830665441892961e+03
5.110235598952849614e+03
5.124611048352298894e+03
5.111290124140667103e+03
5.140860021207765385e+03
5.109078333023892810e+03
5.102001049192336723e+03
5.091455275512999833e+03
5.089621807793480002e+03
5.101457549857717822e+03
5.074893131265104785e+03
5.091817173940785324e+03
5.051577511859956758e+03
5.063618173823889265e+03
5.034234003345351084e+03
5.025405133438868688e+03
5.024736280281221298e+03
5.013013438446923828e+03
5.021300501287259067e+03
4.991753809916806858e+03
4.962314005931609245e+03
4.951161991398125792e+03
4.921534055399400131e+03
4.916992448707746917e+03
4.904586160542096877e+03
4.908915900388161390e+03
4.897118068886373294e+03
4.885031025925838549e+03
4.873452463379112487e+03
4.874136518367665303e+03
4.869267082696636862e+03
4.892276106747559425e+03
4.869946525670666233e+03
4.867610742298546029e+03
4.855003819321459559e+03
4.854173980803128870e+03
4.863582198360570146e+03
4.865841348304802523e+03
4.855889205823221346e+03
4.856602166258302532e+03
4.862772840318147246e+03
4.849382277701778548e+03
4.837229418376335161e+03
4.826990895359918795e+03
4.830609809179067270e+03
4.825377902764336795e+03
4.825736063105411631e+03
4.812710370986646012e+03
4.811744438273825835e+03
4.820320364011155107e+03
4.825154699323007662e+03
4.818975205793733949e+03
4.819098208964246624e+03
4.811628403819599043e+03
4.806729292289101977e+03
4.804542648250253478e+03
4.802732843570396653e+03
4.795592874305736586e+03
4.794698937628721069e+03
4.788325224988351692e+03
4.793712896919274499e+03
4.793939165113973104e+03
4.798374611740826367e+03
4.788753918327869542e+03
4.785136199896071048e+03
4.782264805270951911e+03
4.790079882381704920e+03
4.793853346875064744e+03
4.791474541479467007e+03
4.785538164427166521e+03
4.793968247494820389e+03
4.790578856100826670e+03
4.786121814630095287e+03
4.790979896955551339e+03
4.789789220423919687e+03
4.788202630033611968e+03
4.781650685901657198e+03
4.784129176117104180e+03
4.790604625711036533e+03
4.790146946890674371e+03
4.788085837236267253e+03
4.782533581161426810e+03
4.784839110871606863e+03
4.776663771618223109e+03
4.776837357652378159e+03
4.774721353819226351e+03
4.773517636732543906e+03
4.773898945758951413e+03
4.768232913244715746e+03
4.761876249314820598e+03
4.759348784461356445e+03
4.755249969794758726e+03
4.744248503497241472e+03
4.735642245390388780e+03
4.729301629893693644e+03
4.735769738639044590e+03
4.738125444316614448e+03
4.745946316148862934e+03
4.744586563453837698e+03
4.741497298623343340e+03
4.742583627671117029e+03
4.740038993151928480e+03
4.735611413613394689e+03
4.743334750951155911e+03
4.743373644137800511e+03
4.739084459342575428e+03
4.740908399547739464e+03
4.737524213514932853e+03
4.728830427778553712e+03
4.731955067299820257e+03
4.736165023931069300e+03
4.729504644884391382e+03
